500
125000000
1,71862
1,26954
1,41261
1,50563
1,39610
1,44259
1,69837
1,58419
1,49130
1,43920
1000
1000000000
3,71773
3,51578
3,62013
4,20595
3,47494
3,33091
3,53459
3,72029
5,01565
3,82662
1500
3375000000
6,72182
6,31123
6,67267
6,64502
6,30563
6,75997
6,37424
8,26771
6,48723
6,70323
2000
8000000000
10,83085
10,97658
11,15290
11,07072
10,80234
13,35587
10,69286
10,82342
12,02486
11,20592
2500
15625000000
17,09437
16,86835
16,51350
16,45299
16,63616
16,00970
16,47773
15,65456
16,41251
17,15149
3000
27000000000
24,97578
29,45402
81,82067
81,21104
81,15760
81,79655
81,25360
81,08813
81,33447
81,29894
